LofiBG_01_Good_Night.png
size:4096,4096
filter:Linear,Linear
pma:true
01
bounds:2721,2482,560,480
rotate:90
02
bounds:3745,2687,200,178
offsets:0,1,200,179
rotate:270
03
bounds:3858,3316,106,150
offsets:0,0,106,151
04
bounds:3811,3321,142,371
rotate:180
05
bounds:3728,2492,49,72
offsets:0,0,49,73
06
bounds:3745,2484,206,163
rotate:270
07
bounds:3075,2927,402,551
rotate:180
08
bounds:3490,2526,23,66
09
bounds:2326,3169,810,748
rotate:90
10
bounds:3373,2731,305,338
offsets:7,0,312,338
rotate:180
11
bounds:3597,3572,407,172
rotate:90
12
bounds:2326,2493,339,313
offsets:0,1,339,314
rotate:180
13
bounds:3050,3479,322,500
14
bounds:3522,2484,227,308
rotate:180
15
bounds:3486,3047,230,417
16
bounds:3744,3135,118,516
17
bounds:2326,2771,589,686
offsets:0,7,589,693
18
bounds:2619,2486,51,14
19
bounds:3843,3116,106,65
21
bounds:3392,2482,96,61
22
bounds:3832,2877,134,110
offsets:0,0,134,111
rotate:90
22b
bounds:3203,2483,94,63
offsets:0,7,94,71
23
bounds:2582,2483,38,34
24
bounds:3899,2483,52,50
25
bounds:2,2486,13,9
26
bounds:2563,2486,17,20
27
bounds:17,2487,13,8
28
bounds:3338,3325,276,654
29
bounds:3657,2872,182,278
30
bounds:3872,3410,107,130
31
bounds:3861,3047,88,91
32
bounds:2463,2485,69,15
33
bounds:3877,3687,215,83
rotate:90
34
bounds:2630,2502,273,154
offsets:0,0,277,154
rotate:90
35
bounds:3841,3009,91,61
35b
bounds:3884,2845,81,60
36
bounds:3197,2498,231,110
offsets:0,0,231,116
BG
bounds:2,2497,2322,1482
S01
bounds:3039,2489,499,329
offsets:19,1,519,347
rotate:180
S02
bounds:3910,2586,163,56
rotate:90
S04
bounds:3813,3125,202,163
offsets:0,0,204,163
rotate:90
shine1
bounds:3908,2535,40,45
shine2
bounds:2326,2486,19,18
