LofiBG_01_Good_Day.png
size:4096,4096
filter:Linear,Linear
pma:true
01
bounds:2721,2580,560,480
rotate:90
02
bounds:3737,2782,200,178
offsets:0,1,200,179
rotate:270
03
bounds:3849,2549,106,150
offsets:0,0,106,151
rotate:180
04
bounds:3811,3419,142,371
rotate:180
05
bounds:3701,2558,49,72
offsets:0,0,49,73
06
bounds:3734,2578,206,163
rotate:270
07
bounds:3075,3025,402,551
rotate:180
08
bounds:4045,2554,23,66
09
bounds:2326,3267,810,748
rotate:90
10
bounds:3373,2829,305,338
offsets:7,0,312,338
rotate:180
11
bounds:3597,3670,407,172
rotate:90
12
bounds:2326,2591,339,313
offsets:0,1,339,314
rotate:180
13
bounds:3050,3577,322,500
14
bounds:3513,2592,227,308
rotate:180
15
bounds:3486,3145,230,417
16
bounds:3744,3233,118,516
17
bounds:2326,2869,589,686
offsets:0,7,589,693
18
bounds:49,2562,51,14
19
bounds:3734,2561,106,65
20
bounds:2,2550,45,43
21
bounds:3194,2568,96,61
22
bounds:3800,3163,134,110
offsets:0,0,134,111
22b
bounds:2548,2552,94,63
offsets:0,7,94,71
23
bounds:113,2559,38,34
24
bounds:3384,2554,52,50
25
bounds:152,2583,11,10
26
bounds:173,2581,11,12
27
bounds:136,2550,14,13
28
bounds:3338,3423,276,654
29
bounds:3657,2970,182,278
30
bounds:3970,2550,107,130
rotate:180
31
bounds:3883,2549,88,91
rotate:270
32
bounds:49,2578,69,15
33
bounds:2999,2550,215,83
34
bounds:2630,2600,273,154
offsets:0,0,277,154
rotate:90
35
bounds:3438,2555,91,61
35b
bounds:2632,2555,81,60
36
bounds:3194,2591,231,110
offsets:0,0,231,116
BG
bounds:2,2595,2322,1482
S01
bounds:3039,2587,491,329
offsets:27,1,519,347
rotate:180
S02
bounds:3874,2984,163,56
rotate:90
S03
bounds:2455,2551,47,82
offsets:5,2,55,84
rotate:90
S04
bounds:3859,2613,202,163
offsets:0,0,204,163
rotate:270
shine1
bounds:3342,2552,40,45
shine2
bounds:152,2561,19,18
